JW37: Masking up to 3.
AVG: [0.9670166877599863, 0.9788407454123864, 0.9626924879848957, 0.9956225529313087, 0.9992354164520899, 0.9989408651987711, 0.9680920426662152, 0.9978406979487493], [0.9779404860276443, 0.9398165620290316, 0.9614612422883511, 0.9707895256578922, 0.9733367015918096, 0.9556087652842203, 0.9918641906518203, 0.9852207715694721]
MIN: [0.9648010730743408, 0.9740031957626343, 0.9456977248191833, 0.992348313331604, 0.99869304895401, 0.998600959777832, 0.9604658484458923, 0.997362494468689], [0.9738970398902893, 0.9330111145973206, 0.9431411623954773, 0.9335405230522156, 0.9399844408035278, 0.9342336654663086, 0.9892634749412537, 0.9832028150558472]
MAX: [0.9685470461845398, 0.982944667339325, 0.9743620157241821, 0.9972341060638428, 0.9995245337486267, 0.9991037249565125, 0.9726688861846924, 0.9981788396835327], [0.9800838232040405, 0.9459190964698792, 0.9702895283699036, 0.9877057671546936, 0.9889171719551086, 0.968398928642273, 0.9930525422096252, 0.9867900609970093]
######################
JW37: Masking up to 4.
AVG: [0.9683749675750732, 0.9786784052848816, 0.9679079875349998, 0.9956039078533649, 0.9992319941520691, 0.9989534815152487, 0.9653721039111798, 0.997495596225445], [0.979583318416889, 0.9428797593483558, 0.962515763938427, 0.9724248424172401, 0.9740454306205114, 0.9536203990379969, 0.9916161069503198, 0.98551312318215]
MIN: [0.9659875631332397, 0.9745851159095764, 0.950756847858429, 0.9929865598678589, 0.9986510872840881, 0.9986518025398254, 0.9560301899909973, 0.99680495262146], [0.9772633910179138, 0.9375757575035095, 0.9462597966194153, 0.9397790431976318, 0.9464824795722961, 0.9339354038238525, 0.9890024662017822, 0.982637345790863]
MAX: [0.9714226722717285, 0.9826014041900635, 0.9746763110160828, 0.9971368312835693, 0.9995219111442566, 0.9991309642791748, 0.970470130443573, 0.9979103803634644], [0.9809871315956116, 0.9495437145233154, 0.9718007445335388, 0.9876778721809387, 0.9872509837150574, 0.9653331637382507, 0.9933235049247742, 0.9882932305335999]
######################
JW37: Masking up to 5.
AVG: [0.9662036437254685, 0.9781504181715158, 0.965131189674139, 0.9952454045414925, 0.999196320772171, 0.9985955556233724, 0.9607025155654321, 0.9977842156703656], [0.9801744268490717, 0.9399188940341656, 0.9604325816035271, 0.9702131301164627, 0.9734320342540741, 0.9462733169396719, 0.991126143015348, 0.9853324156541091]
MIN: [0.964317262172699, 0.9745070934295654, 0.9508007168769836, 0.9923015832901001, 0.9987662434577942, 0.9983973503112793, 0.9508762359619141, 0.9974270462989807], [0.9786651134490967, 0.9331136345863342, 0.943092405796051, 0.9361758232116699, 0.9452765583992004, 0.9242088198661804, 0.9893677830696106, 0.9842203855514526]
MAX: [0.9684663414955139, 0.9813179969787598, 0.972156286239624, 0.9966716170310974, 0.9994349479675293, 0.9987835884094238, 0.9661707878112793, 0.9980785250663757], [0.9814156293869019, 0.9458369612693787, 0.9673980474472046, 0.9874560832977295, 0.987873375415802, 0.9610857367515564, 0.9921042323112488, 0.9862209558486938]
######################
JW37: Masking up to 6.
AVG: [0.9660224777001601, 0.9741564484742972, 0.9650358185172081, 0.9942778199911118, 0.9991263747215271, 0.9983778595924377, 0.9605732606007502, 0.9975396303030161], [0.9795139615352337, 0.9261500193522527, 0.9487065114080906, 0.9640939719974995, 0.9713027576605479, 0.9413487861553828, 0.9893293885084299, 0.9811708560356727]
MIN: [0.9619849920272827, 0.9664239287376404, 0.9485723376274109, 0.9908595681190491, 0.9986903071403503, 0.9980660676956177, 0.9445762038230896, 0.9971742033958435], [0.977807343006134, 0.9155576229095459, 0.9213857650756836, 0.9297232031822205, 0.9421517848968506, 0.9140586853027344, 0.9868394136428833, 0.9790142178535461]
MAX: [0.9685078859329224, 0.9798567891120911, 0.9737390875816345, 0.9960302114486694, 0.9994214773178101, 0.9985814094543457, 0.969402015209198, 0.9978546500205994], [0.98017418384552, 0.9353531002998352, 0.9621378183364868, 0.9828177094459534, 0.9855830073356628, 0.9550654292106628, 0.9907569885253906, 0.9835275411605835]
######################
JW37: Masking up to 7.
AVG: [0.965020450261923, 0.975734646503742, 0.9589523896574974, 0.9941900596022606, 0.9988695134719213, 0.9977022409439087, 0.9451115589875442, 0.9971021872300369], [0.978125485090109, 0.9331813225379357, 0.9565507136285305, 0.9609949626028538, 0.9687925030787786, 0.9247552553812662, 0.9898914740635798, 0.9831287677471454]
MIN: [0.9637991189956665, 0.9708999395370483, 0.9401285648345947, 0.9903677701950073, 0.9985508322715759, 0.9973332285881042, 0.9352696537971497, 0.9967118501663208], [0.9768000841140747, 0.924220860004425, 0.9365767240524292, 0.9185171723365784, 0.9339214563369751, 0.8992514610290527, 0.9869638681411743, 0.9814705848693848]
MAX: [0.9662938714027405, 0.9798610210418701, 0.9672129154205322, 0.9960715174674988, 0.9990645051002502, 0.9980047941207886, 0.9529557824134827, 0.9974466562271118], [0.9801026582717896, 0.9377228021621704, 0.9680373668670654, 0.981899619102478, 0.9859290719032288, 0.9394363164901733, 0.991401195526123, 0.9849608540534973]
######################
JW37: Masking up to 8.
AVG: [0.9599378154827998, 0.9673664340606103, 0.9538500718772411, 0.9904044382274151, 0.9973494509855906, 0.9970532457033793, 0.8959326285582322, 0.9963462306902959], [0.9783487503345196, 0.9139035023175753, 0.9280416816473007, 0.9480934478342533, 0.9529965271552404, 0.910854791601499, 0.9823742417188791, 0.9678961588786199]
MIN: [0.9575021862983704, 0.952955424785614, 0.9335529208183289, 0.9878042340278625, 0.9966192245483398, 0.9964816570281982, 0.8451353907585144, 0.9946767091751099], [0.9767717719078064, 0.903137743473053, 0.9019209742546082, 0.9084970951080322, 0.904838502407074, 0.8922870755195618, 0.9736493825912476, 0.9568963646888733]
MAX: [0.9623935222625732, 0.9751307964324951, 0.9613749384880066, 0.9931515455245972, 0.9979492425918579, 0.9977376461029053, 0.9186105132102966, 0.9968472719192505], [0.9805644750595093, 0.9251404404640198, 0.9386836290359497, 0.9740855693817139, 0.9765477776527405, 0.9240923523902893, 0.9866491556167603, 0.9736712574958801]
######################
JW39: Masking up to 1.
AVG: [0.989611804485321, 0.9829127192497253, 0.9938815832138062, 0.9987819790840149, 0.9995500445365906, 0.9995368123054504, 0.9906183481216431, 0.9981074333190918], [0.9760839343070984, 0.9663435220718384, 0.9869071245193481, 0.9946395754814148, 0.993453323841095, 0.9638693332672119, 0.9933250546455383, 0.9867076277732849]
MIN: [0.989611804485321, 0.9829127192497253, 0.9938815832138062, 0.9987819790840149, 0.9995500445365906, 0.9995368123054504, 0.9906183481216431, 0.9981074333190918], [0.9760839343070984, 0.9663435220718384, 0.9869071245193481, 0.9946395754814148, 0.993453323841095, 0.9638693332672119, 0.9933250546455383, 0.9867076277732849]
MAX: [0.989611804485321, 0.9829127192497253, 0.9938815832138062, 0.9987819790840149, 0.9995500445365906, 0.9995368123054504, 0.9906183481216431, 0.9981074333190918], [0.9760839343070984, 0.9663435220718384, 0.9869071245193481, 0.9946395754814148, 0.993453323841095, 0.9638693332672119, 0.9933250546455383, 0.9867076277732849]
######################
JW39: Masking up to 2.
AVG: [0.9870415230592092, 0.9846532046794891, 0.9919173717498779, 0.9982345359666007, 0.9994949102401733, 0.999379555384318, 0.9888008038202921, 0.9971968332926432], [0.9686702092488607, 0.9658765494823456, 0.9823318464415414, 0.9890472888946533, 0.9841060936450958, 0.9446054895718893, 0.9914834101994833, 0.9802444676558176]
MIN: [0.9853363633155823, 0.9802576303482056, 0.9816285967826843, 0.9959891438484192, 0.9992195963859558, 0.9991912245750427, 0.9871866106987, 0.9969760179519653], [0.9651999473571777, 0.9586797952651978, 0.9735313653945923, 0.9682662487030029, 0.953000545501709, 0.9138619303703308, 0.9904489517211914, 0.9768655896186829]
MAX: [0.9884328842163086, 0.9864668846130371, 0.9941200613975525, 0.9987597465515137, 0.99959397315979, 0.9994940757751465, 0.9898504018783569, 0.9973859190940857], [0.9710533022880554, 0.9705288410186768, 0.9863181710243225, 0.9939742684364319, 0.9918233752250671, 0.9552682638168335, 0.993477463722229, 0.9816890954971313]
######################
JW39: Masking up to 3.
AVG: [0.9866006420208857, 0.9800246908114507, 0.991125114262104, 0.9979838170111179, 0.9992501686016718, 0.9994265288114548, 0.9854895655925457, 0.9976289180608896], [0.9733791488867539, 0.9666282488749578, 0.9795877076685429, 0.98542195931077, 0.9804674535989761, 0.9527071118354797, 0.9925599006506113, 0.9861524334320655]
MIN: [0.9857571125030518, 0.9737371206283569, 0.9847142696380615, 0.9961211681365967, 0.9989249110221863, 0.9992935657501221, 0.9815311431884766, 0.9972291588783264], [0.9687610864639282, 0.9573078155517578, 0.9723137021064758, 0.9673057198524475, 0.9593402743339539, 0.9375155568122864, 0.9901167750358582, 0.983198344707489]
MAX: [0.9875455498695374, 0.9837239384651184, 0.9938381314277649, 0.9988949298858643, 0.9994027614593506, 0.9995320439338684, 0.9886223077774048, 0.9979429841041565], [0.9766054153442383, 0.9713565111160278, 0.9841233491897583, 0.9928075671195984, 0.992218017578125, 0.9625005722045898, 0.9936997294425964, 0.9881463646888733]
######################
JW39: Masking up to 4.
AVG: [0.9874174503179697, 0.9797496979053204, 0.9916781857609749, 0.9977266155183315, 0.9992290834585825, 0.9993059386809667, 0.986461694423969, 0.997314636523907], [0.9740030673833994, 0.9605064346240118, 0.9799793660640717, 0.9855122156441212, 0.9782450099786123, 0.944311112165451, 0.9906529279855582, 0.9864440514491155]
MIN: [0.9865339398384094, 0.9742732048034668, 0.9845848083496094, 0.9958726167678833, 0.9990112781524658, 0.999110996723175, 0.9822884202003479, 0.996707558631897], [0.9721424579620361, 0.9527103304862976, 0.9728701710700989, 0.9674621224403381, 0.9540997743606567, 0.9312320351600647, 0.9876406192779541, 0.9833878874778748]
MAX: [0.9887992143630981, 0.9830651879310608, 0.9945788979530334, 0.9986764788627625, 0.99940425157547, 0.9994093775749207, 0.9889079928398132, 0.9982550740242004], [0.9761018753051758, 0.9652684926986694, 0.9845777750015259, 0.9933936595916748, 0.991044819355011, 0.9523395299911499, 0.9920339584350586, 0.9890192151069641]
######################
JW39: Masking up to 5.
AVG: [0.9859794011482825, 0.9800282991849459, 0.988506842404604, 0.9973053708672523, 0.9992211659749349, 0.9991542994976044, 0.984087347984314, 0.9970791706672082], [0.9662258258232703, 0.9584056322391217, 0.977351576089859, 0.9843693785369396, 0.9746063351631165, 0.9325994501511256, 0.9912951405231769, 0.9839500922423142]
MIN: [0.9850202202796936, 0.9760218262672424, 0.9788400530815125, 0.9948179721832275, 0.9988898634910583, 0.9989258050918579, 0.9791490435600281, 0.9966741800308228], [0.9627571105957031, 0.9522340893745422, 0.9675472378730774, 0.9660129547119141, 0.9483218193054199, 0.9171578288078308, 0.9900103211402893, 0.9811305403709412]
MAX: [0.987389326095581, 0.9831535816192627, 0.9918415546417236, 0.9983652234077454, 0.9994287490844727, 0.9993669390678406, 0.9866734743118286, 0.9975311160087585], [0.9690501689910889, 0.962470531463623, 0.9832816123962402, 0.9923288226127625, 0.9887689352035522, 0.9447471499443054, 0.9931725859642029, 0.9854961037635803]
######################
JW39: Masking up to 6.
AVG: [0.9845705720094534, 0.9765035372513992, 0.988405779004097, 0.9974140077829361, 0.9989893535772959, 0.9991042067607244, 0.9836276356990521, 0.9975212674874526], [0.9723613537274874, 0.9574333154238187, 0.9774658195674419, 0.9849154576659203, 0.9775305887063345, 0.9360791941483816, 0.9910213763897235, 0.982618850011092]
MIN: [0.9831238985061646, 0.9718490839004517, 0.9776855707168579, 0.994730532169342, 0.9986038208007812, 0.9989836812019348, 0.9783489108085632, 0.9971868991851807], [0.9698257446289062, 0.9489520788192749, 0.9667961597442627, 0.9714184403419495, 0.957244336605072, 0.9244816303253174, 0.9891971349716187, 0.9795966148376465]
MAX: [0.9858711361885071, 0.9815473556518555, 0.9920725226402283, 0.9985740780830383, 0.9992031455039978, 0.9992438554763794, 0.9860088229179382, 0.9978351593017578], [0.975285530090332, 0.9640796184539795, 0.98274827003479, 0.991514265537262, 0.9880812764167786, 0.944411039352417, 0.992098331451416, 0.9846630692481995]
######################
JW39: Masking up to 7.
AVG: [0.9836219411629897, 0.9678788230969355, 0.9850895404815674, 0.9952948056161404, 0.9986722220977148, 0.9986512660980225, 0.9763661210353558, 0.995893840606396], [0.963754034959353, 0.9522547446764432, 0.9689001105725765, 0.9816692434251308, 0.9704485734303793, 0.9249644726514816, 0.9900129254047687, 0.9759021080457247]
MIN: [0.9819428324699402, 0.9632217288017273, 0.9698301553726196, 0.9905224442481995, 0.9982773661613464, 0.9984264969825745, 0.9715207815170288, 0.9956299066543579], [0.9606515169143677, 0.9404283761978149, 0.9543455243110657, 0.9654375910758972, 0.9415620565414429, 0.9063544869422913, 0.986821174621582, 0.9726801514625549]
MAX: [0.985592246055603, 0.9757431149482727, 0.9914535284042358, 0.9970259070396423, 0.9989281296730042, 0.999054491519928, 0.9800063371658325, 0.9962994456291199], [0.9664506316184998, 0.9585872292518616, 0.9768688678741455, 0.9900233149528503, 0.984964907169342, 0.9352660775184631, 0.9922590851783752, 0.9782745242118835]
######################
JW39: Masking up to 8.
AVG: [0.9795241126647363, 0.9669443093813382, 0.985127404332161, 0.9961981251835823, 0.9988391101360321, 0.9988991071780523, 0.9753797696186945, 0.9970037295268133], [0.9678166692073529, 0.95694021995251, 0.9712748527526855, 0.981180876493454, 0.9704749335845312, 0.9252149413029352, 0.9896909548686101, 0.9808059288905218]
MIN: [0.977279543876648, 0.9597838521003723, 0.9701473116874695, 0.9919929504394531, 0.9984145760536194, 0.9984812140464783, 0.9671396017074585, 0.9960860013961792], [0.964779257774353, 0.9459426999092102, 0.9605391621589661, 0.9618350267410278, 0.9464909434318542, 0.914635956287384, 0.9853010177612305, 0.9780800938606262]
MAX: [0.9808045625686646, 0.9724569916725159, 0.990349531173706, 0.9978355169296265, 0.9991505146026611, 0.9990826845169067, 0.980056643486023, 0.9974218010902405], [0.9713265895843506, 0.960850179195404, 0.9780300855636597, 0.9898870587348938, 0.9831359386444092, 0.934127151966095, 0.9919442534446716, 0.9837470650672913]
######################
JW40: Masking up to 1.
AVG: [0.9904501438140869, 0.9724684953689575, 0.9922932386398315, 0.9984634518623352, 0.9986109137535095, 0.9987397789955139, 0.8979073762893677, 0.9965869784355164], [0.98426353931427, 0.9537732601165771, 0.9822520017623901, 0.9935560822486877, 0.9936297535896301, 0.9758322834968567, 0.9844443798065186, 0.9737808704376221]
MIN: [0.9904501438140869, 0.9724684953689575, 0.9922932386398315, 0.9984634518623352, 0.9986109137535095, 0.9987397789955139, 0.8979073762893677, 0.9965869784355164], [0.98426353931427, 0.9537732601165771, 0.9822520017623901, 0.9935560822486877, 0.9936297535896301, 0.9758322834968567, 0.9844443798065186, 0.9737808704376221]
MAX: [0.9904501438140869, 0.9724684953689575, 0.9922932386398315, 0.9984634518623352, 0.9986109137535095, 0.9987397789955139, 0.8979073762893677, 0.9965869784355164], [0.98426353931427, 0.9537732601165771, 0.9822520017623901, 0.9935560822486877, 0.9936297535896301, 0.9758322834968567, 0.9844443798065186, 0.9737808704376221]
######################
JW40: Masking up to 2.
AVG: [0.9900423685709635, 0.9695208271344503, 0.9892554197992597, 0.9969039814812797, 0.9985715051492056, 0.9987732867399851, 0.8860484858353933, 0.9964208900928497], [0.984802782535553, 0.951889564593633, 0.9742246099880764, 0.9883097069604057, 0.9891345500946045, 0.9696940581003824, 0.9854634006818136, 0.967723528544108]
MIN: [0.98900306224823, 0.9581589698791504, 0.9669690132141113, 0.9916390776634216, 0.997704267501831, 0.9985957145690918, 0.8088204860687256, 0.996317446231842], [0.9840209484100342, 0.9439601898193359, 0.9459639191627502, 0.9681687355041504, 0.9651489853858948, 0.9546239972114563, 0.9838966131210327, 0.9636690616607666]
MAX: [0.9906755089759827, 0.9732816815376282, 0.9934502243995667, 0.9980527758598328, 0.998816967010498, 0.9988735914230347, 0.9059876799583435, 0.9965698719024658], [0.9856401085853577, 0.9560931921005249, 0.982075572013855, 0.993931770324707, 0.9946734309196472, 0.9734302163124084, 0.9866979122161865, 0.9706786274909973]
######################
JW40: Masking up to 3.
AVG: [0.9903124341597924, 0.9636742839446435, 0.9819989204406738, 0.995240468531847, 0.9979187548160553, 0.9984582910935084, 0.8740233274606558, 0.9956988142086909], [0.9799945171062763, 0.9436394618107722, 0.9623286202549934, 0.9807805716991425, 0.9788917650779089, 0.9590680996576945, 0.9825743941160349, 0.971829143854288]
MIN: [0.9888637661933899, 0.9516003131866455, 0.9591206312179565, 0.9894214868545532, 0.996652364730835, 0.9982669949531555, 0.8136494755744934, 0.9954018592834473], [0.9774762988090515, 0.930677592754364, 0.9287251234054565, 0.955159068107605, 0.9496622085571289, 0.9464294910430908, 0.9810592532157898, 0.9680923819541931]
MAX: [0.9916901588439941, 0.9712372422218323, 0.9906572699546814, 0.9981442093849182, 0.9985396862030029, 0.9986262321472168, 0.9073882102966309, 0.996123194694519], [0.9810161590576172, 0.9496117234230042, 0.9764625430107117, 0.993705153465271, 0.9937835335731506, 0.9670694470405579, 0.9858498573303223, 0.9739494323730469]
######################
JW40: Masking up to 4.
AVG: [0.9890047724430377, 0.9663399366232065, 0.9824294857680798, 0.9950862117111683, 0.9981603473424911, 0.9984631538391113, 0.8702372862742498, 0.9962799182304969], [0.9850150300906255, 0.9473748940687913, 0.9660049602389336, 0.9838348962366581, 0.9828848640124003, 0.9649625718593597, 0.9859118782556974, 0.974084313099201]
MIN: [0.9884379506111145, 0.9505086541175842, 0.9592451453208923, 0.9889237284660339, 0.9974703788757324, 0.9983184933662415, 0.7851783633232117, 0.9959065318107605], [0.983950674533844, 0.9359405636787415, 0.9389774799346924, 0.967614471912384, 0.9632402658462524, 0.954840898513794, 0.9837422966957092, 0.9710264801979065]
MAX: [0.9894800782203674, 0.9737066626548767, 0.9906493425369263, 0.9977297186851501, 0.998559832572937, 0.9985460638999939, 0.907755434513092, 0.9966232180595398], [0.9858296513557434, 0.9543550610542297, 0.9774221777915955, 0.9934667944908142, 0.9937582612037659, 0.9717645645141602, 0.987230122089386, 0.977160632610321]
######################
